9
0 30 0 17 63 51 87 89 21 
30 0 68 5 49 65 20 94 5 
0 68 0 14 93 59 63 42 22 
17 5 14 0 35 54 48 76 41 
63 49 93 35 0 26 92 29 83 
51 65 59 54 26 0 61 81 54 
87 20 63 48 92 61 0 74 25 
89 94 42 76 29 81 74 0 95 
21 5 22 41 83 54 25 95 0 
